+-------+------------+----------+----------------+
| Epoch | Train Loss | Val Loss | Val Mean AUROC |
+-------+------------+----------+----------------+
|   1   |   0.285    |  0.284   |     0.695      |
|   2   |   0.274    |  0.277   |     0.724      |
|   3   |   0.269    |   0.31   |     0.723      |
|   4   |   0.266    |  0.272   |     0.746      |
|   5   |   0.263    |  0.295   |     0.749      |
|   6   |   0.261    |  0.272   |     0.759      |
|   7   |   0.259    |   0.27   |     0.763      |
|   8   |   0.259    |  0.278   |     0.763      |
|   9   |   0.257    |  0.272   |     0.767      |
|   10  |   0.256    |  0.262   |     0.774      |
+-------+------------+----------+----------------+